0.5	0	0.5	0	0.5	0	0.5	0	0.5	0	0.5	0	0.5	0	0.5	0	0.5	0	0.5	0	0.5	0	0.5	0	0.5	0	0.5	0	0.5	0	0.5	0	0.5	0	0.5	0	0.5	0	0.5	0	0.5	0	0.5	0	0.5	0	0.5	0	0.5	0	0.5	0	0.5	0	0.5	0	0.5	0	0.5	0	0.5	0	0.5	0	0.5	0	0.5	0	0.5	0	0.5	0	0.5	0	0.5	0	0.5	0
1.5	0	1.5	0	1.5	0	1.5	0	1.5	0	1.5	0	1.5	0	1.5	0	1.5	0	1.5	0	1.5	0	1.5	0	1.5	0	1.5	0	1.5	0	1.5	0	1.5	0	1.5	0	1.5	0	1.5	0	1.5	0	1.5	0	1.5	0	1.5	0	1.5	0	1.5	0	1.5	0	1.5	0	1.5	0	1.5	0	1.5	0	1.5	0	1.5	0	1.5	0	1.5	0	1.5	0	1.5	0	1.5	0	1.5	0
2.5	0	2.5	0	2.5	0	2.5	0	2.5	0	2.5	0	2.5	0	2.5	0	2.5	0	2.5	0	2.5	0	2.5	0	2.5	0	2.5	0	2.5	0	2.5	0	2.5	0	2.5	0	2.5	0	2.5	0	2.5	0	2.5	0	2.5	0	2.5	0	2.5	0	2.5	0	2.5	0	2.5	0	2.5	0	2.5	0	2.5	0	2.5	0	2.5	0	2.5	0	2.5	0	2.5	0	2.5	0	2.5	0	2.5	0
3.5	16.8504416	3.5	16.8504416	3.5	16.8504416	3.5	16.8504416	3.5	16.8504416	3.5	16.8504416	3.5	20.38834869	3.5	16.8504416	3.5	16.8504416	3.5	16.8504416	3.5	16.8504416	3.5	16.8504416	3.5	16.8504416	3.5	16.8504416	3.5	16.8504416	3.5	16.8504416	3.5	16.8504416	3.5	16.8504416	3.5	16.8504416	3.5	16.8504416	3.5	16.8504416	3.5	16.8504416	3.5	16.8504416	3.5	16.8504416	3.5	16.8504416	3.5	16.8504416	3.5	16.8504416	3.5	16.8504416	3.5	16.8504416	3.5	16.8504416	3.5	16.8504416	3.5	16.8504416	3.5	16.8504416	3.5	16.8504416	3.5	25.27752388	3.5	16.8504416	3.5	16.8504416	3.5	16.8504416	3.5	16.8504416
4.5	89.24422428	4.5	89.24422428	4.5	89.24422428	4.5	89.24422428	4.5	89.24422428	4.5	89.24422428	4.5	104.3795777	4.5	89.24422428	4.5	89.24422428	4.5	89.24422428	4.5	89.24422428	4.5	89.24422428	4.5	89.24422428	4.5	89.24422428	4.5	89.24422428	4.5	89.24422428	4.5	89.24422428	4.5	89.24422428	4.5	89.24422428	4.5	89.24422428	4.5	89.24422428	4.5	89.24422428	4.5	89.24422428	4.5	89.24422428	4.5	89.24422428	4.5	89.24422428	4.5	89.24422428	4.5	89.24422428	4.5	89.24422428	4.5	89.24422428	4.5	89.24422428	4.5	89.24422428	4.5	89.24422428	4.5	89.24422428	4.5	111.2718823	4.5	89.24422428	4.5	89.24422428	4.5	89.24422428	4.5	89.24422428
5.5	208.3201141	5.5	208.3201141	5.5	208.3201141	5.5	208.3201141	5.5	208.3201141	5.5	208.3201141	5.5	241.7858707	5.5	208.3201141	5.5	208.3201141	5.5	208.3201141	5.5	208.3201141	5.5	208.3201141	5.5	208.3201141	5.5	208.3201141	5.5	208.3201141	5.5	208.3201141	5.5	208.3201141	5.5	208.3201141	5.5	208.3201141	5.5	208.3201141	5.5	208.3201141	5.5	208.3201141	5.5	208.3201141	5.5	208.3201141	5.5	208.3201141	5.5	208.3201141	5.5	208.3201141	5.5	208.3201141	5.5	208.3201141	5.5	208.3201141	5.5	208.3201141	5.5	208.3201141	5.5	208.3201141	5.5	208.3201141	5.5	251.3951125	5.5	208.3201141	5.5	208.3201141	5.5	208.3201141	5.5	208.3201141
6.5	399.1931085	6.5	399.1931085	6.5	399.1931085	6.5	399.1931085	6.5	399.1931085	6.5	399.1931085	6.5	462.1230002	6.5	399.1931085	6.5	399.1931085	6.5	399.1931085	6.5	399.1931085	6.5	399.1931085	6.5	399.1931085	6.5	399.1931085	6.5	399.1931085	6.5	399.1931085	6.5	399.1931085	6.5	399.1931085	6.5	399.1931085	6.5	399.1931085	6.5	399.1931085	6.5	399.1931085	6.5	399.1931085	6.5	399.1931085	6.5	399.1931085	6.5	399.1931085	6.5	399.1931085	6.5	399.1931085	6.5	399.1931085	6.5	399.1931085	6.5	399.1931085	6.5	399.1931085	6.5	399.1931085	6.5	399.1931085	6.5	479.2267818	6.5	399.1931085	6.5	399.1931085	6.5	399.1931085	6.5	399.1931085
7.5	670.9398766	7.5	670.9398766	7.5	670.9398766	7.5	670.9398766	7.5	670.9398766	7.5	670.9398766	7.5	778.8298577	7.5	670.9398766	7.5	670.9398766	7.5	670.9398766	7.5	670.9398766	7.5	670.9398766	7.5	670.9398766	7.5	670.9398766	7.5	670.9398766	7.5	670.9398766	7.5	670.9398766	7.5	670.9398766	7.5	670.9398766	7.5	670.9398766	7.5	670.9398766	7.5	670.9398766	7.5	670.9398766	7.5	670.9398766	7.5	670.9398766	7.5	670.9398766	7.5	670.9398766	7.5	670.9398766	7.5	670.9398766	7.5	670.9398766	7.5	670.9398766	7.5	670.9398766	7.5	670.9398766	7.5	670.9398766	7.5	791.369126	7.5	670.9398766	7.5	670.9398766	7.5	670.9398766	7.5	670.9398766
8.5	1029.799987	8.5	1029.799987	8.5	1029.799987	8.5	1029.799987	8.5	1029.799987	8.5	1029.799987	8.5	1191.848841	8.5	1029.799987	8.5	1029.799987	8.5	1029.799987	8.5	1029.799987	8.5	1029.799987	8.5	1029.799987	8.5	1029.799987	8.5	1029.799987	8.5	1029.799987	8.5	1029.799987	8.5	1029.799987	8.5	1029.799987	8.5	1029.799987	8.5	1029.799987	8.5	1029.799987	8.5	1029.799987	8.5	1029.799987	8.5	1029.799987	8.5	1029.799987	8.5	1029.799987	8.5	1029.799987	8.5	1029.799987	8.5	1029.799987	8.5	1029.799987	8.5	1029.799987	8.5	1029.799987	8.5	1029.799987	8.5	1154.265121	8.5	1029.799987	8.5	1029.799987	8.5	1029.799987	8.5	1029.799987
9.5	1446.773923	9.5	1446.773923	9.5	1446.773923	9.5	1446.773923	9.5	1446.773923	9.5	1446.773923	9.5	1648.275554	9.5	1446.773923	9.5	1446.773923	9.5	1446.773923	9.5	1446.773923	9.5	1446.773923	9.5	1446.773923	9.5	1446.773923	9.5	1446.773923	9.5	1446.773923	9.5	1446.773923	9.5	1446.773923	9.5	1446.773923	9.5	1446.773923	9.5	1446.773923	9.5	1446.773923	9.5	1446.773923	9.5	1446.773923	9.5	1446.773923	9.5	1446.773923	9.5	1446.773923	9.5	1446.773923	9.5	1446.773923	9.5	1446.773923	9.5	1446.773923	9.5	1446.773923	9.5	1446.773923	9.5	1446.773923	9.5	1536.773923	9.5	1446.773923	9.5	1446.773923	9.5	1446.773923	9.5	1446.773923
10.5	1836.45984	10.5	1836.45984	10.5	1836.45984	10.5	1836.45984	10.5	1836.45984	10.5	1836.45984	10.5	2024.191205	10.5	1836.45984	10.5	1836.45984	10.5	1836.45984	10.5	1836.45984	10.5	1836.45984	10.5	1836.45984	10.5	1836.45984	10.5	1836.45984	10.5	1836.45984	10.5	1836.45984	10.5	1836.45984	10.5	1836.45984	10.5	1836.45984	10.5	1836.45984	10.5	1836.45984	10.5	1836.45984	10.5	1836.45984	10.5	1836.45984	10.5	1836.45984	10.5	1836.45984	10.5	1836.45984	10.5	1836.45984	10.5	1836.45984	10.5	1836.45984	10.5	1836.45984	10.5	1836.45984	10.5	1836.45984	10.5	1896.45984	10.5	1836.45984	10.5	1836.45984	10.5	1836.45984	10.5	1836.45984
11.5	2113.775554	11.5	2113.775554	11.5	2113.775554	11.5	2113.775554	11.5	2153.775554	11.5	2113.775554	11.5	2224.915869	11.5	2113.775554	11.5	2113.775554	11.5	2113.775554	11.5	2113.775554	11.5	2113.775554	11.5	2113.775554	11.5	2113.775554	11.5	2113.775554	11.5	2113.775554	11.5	2113.775554	11.5	2113.775554	11.5	2113.775554	11.5	2113.775554	11.5	2113.775554	11.5	2113.775554	11.5	2100.775554	11.5	2113.775554	11.5	2113.775554	11.5	2113.775554	11.5	2100.775554	11.5	2113.775554	11.5	2113.775554	11.5	2113.775554	11.5	2113.775554	11.5	2113.775554	11.5	2113.775554	11.5	2113.775554	11.5	2113.775554	11.5	2113.775554	11.5	2113.775554	11.5	2113.775554	11.5	2113.775554
12.5	2241.663177	12.5	2241.663177	12.5	2241.663177	12.5	2241.663177	12.5	2271.663177	12.5	2241.663177	12.5	2286.136219	12.5	2241.663177	12.5	2241.663177	12.5	2241.663177	12.5	2241.663177	12.5	2241.663177	12.5	2241.663177	12.5	2241.663177	12.5	2241.663177	12.5	2241.663177	12.5	2241.663177	12.5	2241.663177	12.5	2241.663177	12.5	2241.663177	12.5	2241.663177	12.5	2241.663177	12.5	2221.663177	12.5	2241.663177	12.5	2241.663177	12.5	2241.663177	12.5	2221.663177	12.5	2241.663177	12.5	2241.663177	12.5	2241.663177	12.5	2241.663177	12.5	2241.663177	12.5	2241.663177	12.5	2241.663177	12.5	2241.663177	12.5	2241.663177	12.5	2241.663177	12.5	2241.663177	12.5	2241.663177
13.5	2277.61389	13.5	2277.61389	13.5	2277.61389	13.5	2277.61389	13.5	2277.61389	13.5	2277.61389	13.5	2296.31006	13.5	2277.61389	13.5	2277.61389	13.5	2277.61389	13.5	2277.61389	13.5	2277.61389	13.5	2277.61389	13.5	2277.61389	13.5	2277.61389	13.5	2277.61389	13.5	2277.61389	13.5	2277.61389	13.5	2277.61389	13.5	2277.61389	13.5	2277.61389	13.5	2277.61389	13.5	2257.61389	13.5	2277.61389	13.5	2277.61389	13.5	2277.61389	13.5	2257.61389	13.5	2277.61389	13.5	2277.61389	13.5	2277.61389	13.5	2277.61389	13.5	2277.61389	13.5	2277.61389	13.5	2277.61389	13.5	2277.61389	13.5	2277.61389	13.5	2277.61389	13.5	2277.61389	13.5	2277.61389
14.5	2299.253616	14.5	2299.253616	14.5	2299.253616	14.5	2299.253616	14.5	2299.253616	14.5	2299.253616	14.5	2297.963565	14.5	2299.253616	14.5	2299.253616	14.5	2299.253616	14.5	2299.253616	14.5	2299.253616	14.5	2299.253616	14.5	2299.253616	14.5	2299.253616	14.5	2299.253616	14.5	2299.253616	14.5	2299.253616	14.5	2299.253616	14.5	2299.253616	14.5	2299.253616	14.5	2299.253616	14.5	2299.253616	14.5	2299.253616	14.5	2299.253616	14.5	2299.253616	14.5	2299.253616	14.5	2299.253616	14.5	2299.253616	14.5	2299.253616	14.5	2299.253616	14.5	2299.253616	14.5	2299.253616	14.5	2299.253616	14.5	2299.253616	14.5	2299.253616	14.5	2299.253616	14.5	2299.253616	14.5	2299.253616
15.5	2299.253616	15.5	2299.253616	15.5	2299.253616	15.5	2299.253616	15.5	2299.253616	15.5	2299.253616	15.5	2298.763231	15.5	2299.253616	15.5	2299.253616	15.5	2299.253616	15.5	2299.253616	15.5	2299.253616	15.5	2299.253616	15.5	2299.253616	15.5	2299.253616	15.5	2299.253616	15.5	2299.253616	15.5	2299.253616	15.5	2299.253616	15.5	2299.253616	15.5	2299.253616	15.5	2299.253616	15.5	2299.253616	15.5	2299.253616	15.5	2299.253616	15.5	2299.253616	15.5	2299.253616	15.5	2299.253616	15.5	2299.253616	15.5	2299.253616	15.5	2299.253616	15.5	2299.253616	15.5	2299.253616	15.5	2299.253616	15.5	2299.253616	15.5	2299.253616	15.5	2299.253616	15.5	2299.253616	15.5	2299.253616
16.5	2299.253616	16.5	2299.253616	16.5	2299.253616	16.5	2299.253616	16.5	2299.253616	16.5	2299.253616	16.5	2299.559486	16.5	2299.253616	16.5	2299.253616	16.5	2299.253616	16.5	2299.253616	16.5	2299.253616	16.5	2299.253616	16.5	2299.253616	16.5	2299.253616	16.5	2299.253616	16.5	2299.253616	16.5	2299.253616	16.5	2299.253616	16.5	2299.253616	16.5	2299.253616	16.5	2299.253616	16.5	2299.253616	16.5	2299.253616	16.5	2299.253616	16.5	2299.253616	16.5	2299.253616	16.5	2299.253616	16.5	2299.253616	16.5	2299.253616	16.5	2299.253616	16.5	2299.253616	16.5	2299.253616	16.5	2299.253616	16.5	2299.253616	16.5	2299.253616	16.5	2299.253616	16.5	2299.253616	16.5	2299.253616
17.5	2299.253616	17.5	2299.253616	17.5	2299.253616	17.5	2299.253616	17.5	2299.253616	17.5	2299.253616	17.5	2299.718785	17.5	2299.253616	17.5	2299.253616	17.5	2299.253616	17.5	2299.253616	17.5	2299.253616	17.5	2299.253616	17.5	2299.253616	17.5	2299.253616	17.5	2299.253616	17.5	2299.253616	17.5	2299.253616	17.5	2299.253616	17.5	2299.253616	17.5	2299.253616	17.5	2299.253616	17.5	2299.253616	17.5	2299.253616	17.5	2299.253616	17.5	2299.253616	17.5	2299.253616	17.5	2299.253616	17.5	2299.253616	17.5	2299.253616	17.5	2299.253616	17.5	2299.253616	17.5	2299.253616	17.5	2299.253616	17.5	2299.253616	17.5	2299.253616	17.5	2299.253616	17.5	2299.253616	17.5	2299.253616
18.5	2299.253616	18.5	2299.253616	18.5	2299.253616	18.5	2299.253616	18.5	2299.253616	18.5	2299.253616	18.5	2299.718785	18.5	2299.253616	18.5	2299.253616	18.5	2299.253616	18.5	2299.253616	18.5	2299.253616	18.5	2299.253616	18.5	2299.253616	18.5	2299.253616	18.5	2299.253616	18.5	2299.253616	18.5	2299.253616	18.5	2299.253616	18.5	2299.253616	18.5	2299.253616	18.5	2299.253616	18.5	2299.253616	18.5	2299.253616	18.5	2299.253616	18.5	2299.253616	18.5	2299.253616	18.5	2299.253616	18.5	2299.253616	18.5	2299.253616	18.5	2299.253616	18.5	2299.253616	18.5	2299.253616	18.5	2299.253616	18.5	2299.253616	18.5	2299.253616	18.5	2299.253616	18.5	2299.253616	18.5	2299.253616
19.5	2299.242776	19.5	2299.242776	19.5	2299.242776	19.5	2299.242776	19.5	2299.242776	19.5	2299.242776	19.5	2299.717374	19.5	2299.242776	19.5	2299.242776	19.5	2299.242776	19.5	2299.242776	19.5	2299.242776	19.5	2299.242776	19.5	2299.242776	19.5	2299.242776	19.5	2299.242776	19.5	2299.242776	19.5	2299.242776	19.5	2299.242776	19.5	2299.242776	19.5	2299.242776	19.5	2299.242776	19.5	2299.242776	19.5	2299.242776	19.5	2299.242776	19.5	2299.242776	19.5	2299.242776	19.5	2299.242776	19.5	2299.242776	19.5	2299.242776	19.5	2299.242776	19.5	2299.242776	19.5	2299.242776	19.5	2299.242776	19.5	2299.242776	19.5	2299.242776	19.5	2299.242776	19.5	2299.242776	19.5	2299.242776
20.5	2299.219634	20.5	2299.219634	20.5	2299.219634	20.5	2299.219634	20.5	2299.219634	20.5	2299.219634	20.5	2299.717549	20.5	2299.219634	20.5	2299.219634	20.5	2299.219634	20.5	2299.219634	20.5	2299.219634	20.5	2299.219634	20.5	2299.219634	20.5	2299.219634	20.5	2299.219634	20.5	2299.219634	20.5	2299.219634	20.5	2299.219634	20.5	2299.219634	20.5	2299.219634	20.5	2299.219634	20.5	2299.219634	20.5	2299.219634	20.5	2299.219634	20.5	2299.219634	20.5	2299.219634	20.5	2299.219634	20.5	2299.219634	20.5	2299.219634	20.5	2299.219634	20.5	2299.219634	20.5	2299.219634	20.5	2299.219634	20.5	2299.219634	20.5	2299.219634	20.5	2299.219634	20.5	2299.219634	20.5	2299.219634
21.5	2299.25059	21.5	2299.25059	21.5	2299.25059	21.5	2299.25059	21.5	2299.25059	21.5	2299.25059	21.5	2299.718743	21.5	2299.25059	21.5	2299.25059	21.5	2299.25059	21.5	2299.25059	21.5	2299.25059	21.5	2299.25059	21.5	2299.25059	21.5	2299.25059	21.5	2299.25059	21.5	2299.25059	21.5	2299.25059	21.5	2299.25059	21.5	2299.25059	21.5	2299.25059	21.5	2299.25059	21.5	2299.25059	21.5	2299.25059	21.5	2299.25059	21.5	2299.25059	21.5	2299.25059	21.5	2299.25059	21.5	2299.25059	21.5	2299.25059	21.5	2299.25059	21.5	2299.25059	21.5	2299.25059	21.5	2299.25059	21.5	2299.25059	21.5	2299.25059	21.5	2299.25059	21.5	2299.25059	21.5	2299.25059
22.5	2299.253616	22.5	2299.253616	22.5	2299.253616	22.5	2299.253616	22.5	2299.253616	22.5	2299.253616	22.5	2299.718785	22.5	2299.253616	22.5	2299.253616	22.5	2299.253616	22.5	2299.253616	22.5	2299.253616	22.5	2299.253616	22.5	2299.253616	22.5	2299.253616	22.5	2299.253616	22.5	2299.253616	22.5	2299.253616	22.5	2299.253616	22.5	2299.253616	22.5	2299.253616	22.5	2299.253616	22.5	2299.253616	22.5	2299.253616	22.5	2299.253616	22.5	2299.253616	22.5	2299.253616	22.5	2299.253616	22.5	2299.253616	22.5	2299.253616	22.5	2299.253616	22.5	2299.253616	22.5	2299.253616	22.5	2299.253616	22.5	2299.253616	22.5	2299.253616	22.5	2299.253616	22.5	2299.253616	22.5	2299.253616
23.5	2299.253616	23.5	2299.253616	23.5	2299.253616	23.5	2299.253616	23.5	2299.253616	23.5	2299.253616	23.5	2299.718785	23.5	2299.253616	23.5	2299.253616	23.5	2299.253616	23.5	2299.253616	23.5	2299.253616	23.5	2299.253616	23.5	2299.253616	23.5	2299.253616	23.5	2299.253616	23.5	2299.253616	23.5	2299.253616	23.5	2299.253616	23.5	2299.253616	23.5	2299.253616	23.5	2299.253616	23.5	2299.253616	23.5	2299.253616	23.5	2299.253616	23.5	2299.253616	23.5	2299.253616	23.5	2299.253616	23.5	2299.253616	23.5	2299.253616	23.5	2299.253616	23.5	2299.253616	23.5	2299.253616	23.5	2299.253616	23.5	2299.253616	23.5	2299.253616	23.5	2299.253616	23.5	2299.253616	23.5	2299.253616
24.5	2299.253473	24.5	2299.253473	24.5	2299.253473	24.5	2299.253473	24.5	2299.253473	24.5	2299.253473	24.5	2299.718779	24.5	2299.253473	24.5	2299.253473	24.5	2299.253473	24.5	2299.253473	24.5	2299.253473	24.5	2299.253473	24.5	2299.253473	24.5	2299.253473	24.5	2299.253473	24.5	2299.253473	24.5	2299.253473	24.5	2299.253473	24.5	2299.253473	24.5	2299.253473	24.5	2299.253473	24.5	2299.253473	24.5	2299.253473	24.5	2299.253473	24.5	2299.253473	24.5	2299.253473	24.5	2299.253473	24.5	2299.253473	24.5	2299.253473	24.5	2299.253473	24.5	2299.253473	24.5	2299.253473	24.5	2299.253473	24.5	2299.253473	24.5	2299.253473	24.5	2299.253473	24.5	2299.253473	24.5	2299.253473
25.5	0	25.5	0	25.5	0	25.5	0	25.5	0	25.5	0	25.5	0	25.5	0	25.5	0	25.5	0	25.5	0	25.5	0	25.5	0	25.5	0	25.5	0	25.5	0	25.5	0	25.5	0	25.5	0	25.5	0	25.5	0	25.5	0	25.5	0	25.5	0	25.5	0	25.5	0	25.5	0	25.5	0	25.5	0	25.5	0	25.5	0	25.5	0	25.5	0	25.5	0	25.5	0	25.5	0	25.5	0	25.5	0	25.5	0
26.5	0	26.5	0	26.5	0	26.5	0	26.5	0	26.5	0	26.5	0	26.5	0	26.5	0	26.5	0	26.5	0	26.5	0	26.5	0	26.5	0	26.5	0	26.5	0	26.5	0	26.5	0	26.5	0	26.5	0	26.5	0	26.5	0	26.5	0	26.5	0	26.5	0	26.5	0	26.5	0	26.5	0	26.5	0	26.5	0	26.5	0	26.5	0	26.5	0	26.5	0	26.5	0	26.5	0	26.5	0	26.5	0	26.5	0
